Gen	Pop	Mean	Max	Min
0  	100   	-12.6	-8 	-13
1  	100   	-12.6	-8 	-13
2  	100   	-12.65	-8 	-13
3  	100   	-12.8 	-8 	-13
4  	100   	-12.45	-3 	-13
5  	100   	-12.5 	-8 	-13
6  	100   	-12.75	-8 	-13
7  	100   	-12.4 	-3 	-13
8  	100   	-12.08	34 	-13
9  	100   	-12.5 	-3 	-13
10 	100   	-12.5 	-8 	-13
11 	100   	-12.7 	-8 	-13
12 	100   	-12.6 	-8 	-13
13 	100   	-12.45	-3 	-13
14 	100   	-12.5 	-8 	-13
15 	100   	-12.8 	-3 	-13
16 	100   	-12.75	-8 	-13
17 	100   	-12.45	-8 	-13
18 	100   	-11.88	39 	-13
19 	100   	-12.35	-8 	-13
20 	100   	-12.65	-8 	-13
21 	100   	-12.45	-3 	-13
22 	100   	-12.65	-3 	-13
23 	100   	-12.7 	-8 	-13
24 	100   	-12.15	-3 	-13
25 	100   	-12.7 	-8 	-13
26 	100   	-12.55	-3 	-13
27 	100   	-12.75	-8 	-13
28 	100   	-12.55	-3 	-13
29 	100   	-12.6 	-8 	-13
30 	100   	-12.3 	-3 	-13
31 	100   	-12.45	-8 	-13
32 	100   	-12.7 	-8 	-13
33 	100   	-12.5 	-3 	-13
34 	100   	-12.45	-3 	-13
35 	100   	-12.85	-8 	-13
36 	100   	-12.8 	-8 	-13
37 	100   	-12.7 	-8 	-13
38 	100   	-12.45	-8 	-13
39 	100   	-12.65	-8 	-13
40 	100   	-12.55	-8 	-13
41 	100   	-12.4 	-8 	-13
42 	100   	-12.3 	-3 	-13
43 	100   	-12.3 	-3 	-13
44 	100   	-12.35	-3 	-13
45 	100   	-12.5 	-8 	-13
46 	100   	-12.4 	-3 	-13
47 	100   	-12.8 	-8 	-13
48 	100   	-12.7 	-3 	-13
49 	100   	-12.45	-3 	-13
50 	100   	-12.6 	-8 	-13
51 	100   	-12.55	-8 	-13
52 	100   	-12.75	-8 	-13
53 	100   	-12.45	-3 	-13
54 	100   	-12.5 	-8 	-13
55 	100   	-12.4 	-3 	-13
56 	100   	-12.5 	-3 	-13
57 	100   	-12.35	-3 	-13
58 	100   	-12.6 	-3 	-13
59 	100   	-12.6 	-3 	-13
60 	100   	-12.35	-3 	-13
61 	100   	-11.78	39 	-13
62 	100   	-12.5 	-8 	-13
63 	100   	-12.95	-8 	-13
64 	100   	-12.6 	-3 	-13
65 	100   	-12.8 	-8 	-13
66 	100   	-12.6 	-8 	-13
67 	100   	-12.35	-3 	-13
68 	100   	-12.4 	-3 	-13
69 	100   	-12.7 	-8 	-13
70 	100   	-12.35	-3 	-13
71 	100   	-12.2 	-3 	-13
72 	100   	-12.65	-8 	-13
73 	100   	-12.4 	-3 	-13
74 	100   	-12.55	-3 	-13
75 	100   	-12.25	-3 	-13
76 	100   	-12.08	39 	-13
77 	100   	-12.75	-3 	-13
78 	100   	-12.5 	-8 	-13
79 	100   	-12.7 	-8 	-13
80 	100   	-12.45	-8 	-13
81 	100   	-12.45	-8 	-13
82 	100   	-12.55	-8 	-13
83 	100   	-12.6 	-8 	-13
84 	100   	-12.6 	-3 	-13
85 	100   	-12.45	-3 	-13
86 	100   	-12.75	-8 	-13
87 	100   	-12.4 	-3 	-13
88 	100   	-12.8 	-8 	-13
89 	100   	-12.65	-3 	-13
90 	100   	-12.7 	-8 	-13
91 	100   	-12.25	-3 	-13
92 	100   	-12.55	-8 	-13
93 	100   	-12.3 	-3 	-13
94 	100   	-12.85	-8 	-13
95 	100   	-12.3 	-3 	-13
96 	100   	-12.13	39 	-13
97 	100   	-12.15	-8 	-13
98 	100   	-12.6 	-8 	-13
99 	100   	-12.6 	-8 	-13
100	100   	-12.6 	-8 	-13
101	100   	-12.55	-3 	-13
102	100   	-12.55	-8 	-13
103	100   	-12.55	-8 	-13
104	100   	-12.4 	-3 	-13
105	100   	-12.7 	-3 	-13
106	100   	-12.4 	-8 	-13
107	100   	-12.65	-8 	-13
108	100   	-12.55	-8 	-13
109	100   	-12.55	-8 	-13
110	100   	-12.35	-3 	-13
111	100   	-12.85	-8 	-13
112	100   	-12.7 	-8 	-13
113	100   	-12.5 	-3 	-13
114	100   	-12.55	-8 	-13
115	100   	-12.5 	-8 	-13
116	100   	-12.5 	-3 	-13
117	100   	-12.35	-8 	-13
118	100   	-12.5 	-8 	-13
119	100   	-12.5 	-3 	-13
120	100   	-12.9 	-8 	-13
121	100   	-12.65	-8 	-13
122	100   	-12.7 	-8 	-13
123	100   	-12.45	-3 	-13
124	100   	-12.65	-8 	-13
125	100   	-12.3 	-3 	-13
126	100   	-12.5 	-8 	-13
127	100   	-12.85	-8 	-13
128	100   	-12.55	-8 	-13
129	100   	-12.65	-8 	-13
130	100   	-12.5 	-8 	-13
131	100   	-12.3 	-3 	-13
132	100   	-12.65	-8 	-13
133	100   	-12.75	-8 	-13
134	100   	-12.55	-8 	-13
135	100   	-12.6 	-8 	-13
136	100   	-12.45	-8 	-13
137	100   	-12.55	-3 	-13
138	100   	-12.65	-3 	-13
139	100   	-12.5 	-8 	-13
140	100   	-12.45	-3 	-13
141	100   	-12.7 	-8 	-13
142	100   	-12.55	-3 	-13
143	100   	-12.4 	-3 	-13
144	100   	-12.6 	-3 	-13
145	100   	-12.03	39 	-13
146	100   	-12.65	-8 	-13
147	100   	-12.8 	-3 	-13
148	100   	-12.7 	-8 	-13
149	100   	-11.93	29 	-13
150	100   	-12.3 	-3 	-13
151	100   	-12.75	-8 	-13
152	100   	-12.5 	-8 	-13
153	100   	-12.25	-3 	-13
154	100   	-12.6 	-8 	-13
155	100   	-12.75	-3 	-13
156	100   	-12.35	-8 	-13
157	100   	-12.55	-8 	-13
158	100   	-12.55	-3 	-13
159	100   	-12.35	-3 	-13
160	100   	-12.75	-8 	-13
161	100   	-12.65	-8 	-13
162	100   	-12.5 	-8 	-13
163	100   	-12.65	-8 	-13
164	100   	-12.4 	-3 	-13
165	100   	-12.35	-8 	-13
166	100   	-12.45	-3 	-13
167	100   	-12.5 	-3 	-13
168	100   	-12.5 	-3 	-13
169	100   	-12.7 	-8 	-13
170	100   	-12.55	-3 	-13
171	100   	-12.5 	-8 	-13
172	100   	-12.45	-3 	-13
173	100   	-12.45	-8 	-13
174	100   	-12.55	-8 	-13
175	100   	-12.6 	-8 	-13
176	100   	-12.65	-8 	-13
177	100   	-12.15	-3 	-13
178	100   	-12.5 	-3 	-13
179	100   	-12.7 	-8 	-13
180	100   	-12.65	-3 	-13
181	100   	-12.55	-3 	-13
182	100   	-12.6 	-8 	-13
183	100   	-12.7 	-3 	-13
184	100   	-12.75	-8 	-13
185	100   	-12.6 	-3 	-13
186	100   	-12.6 	-3 	-13
187	100   	-12.7 	-8 	-13
188	100   	-12.65	-8 	-13
189	100   	-12.75	-8 	-13
190	100   	-12.6 	-8 	-13
191	100   	-12.5 	-3 	-13
192	100   	-12.7 	-8 	-13
193	100   	-12.55	-8 	-13
194	100   	-12.65	-3 	-13
195	100   	-12.35	-3 	-13
196	100   	-12.5 	-3 	-13
197	100   	-12.6 	-3 	-13
198	100   	-12.4 	-3 	-13
199	100   	-12.6 	-3 	-13
200	100   	-12.65	-8 	-13
201	100   	-12.55	-8 	-13
202	100   	-12.7 	-8 	-13
203	100   	-12.85	-8 	-13
204	100   	-12.45	-8 	-13
205	100   	-12.75	-8 	-13
206	100   	-12.45	-3 	-13
207	100   	-12.55	-8 	-13
208	100   	-12.55	-3 	-13
209	100   	-12.45	-8 	-13
210	100   	-12.6 	-8 	-13
211	100   	-12.2 	-8 	-13
212	100   	-12.6 	-8 	-13
213	100   	-12.45	-3 	-13
214	100   	-12.15	-3 	-13
215	100   	-12.05	-3 	-13
216	100   	-12.6 	-8 	-13
217	100   	-12.25	-3 	-13
218	100   	-12.55	-3 	-13
219	100   	-12.55	-3 	-13
220	100   	-12.75	-8 	-13
221	100   	-12.5 	-8 	-13
222	100   	-12.65	-3 	-13
223	100   	-12.3 	-3 	-13
224	100   	-12.9 	-8 	-13
225	100   	-12.55	-3 	-13
226	100   	-12.4 	-3 	-13
227	100   	-12.5 	-8 	-13
228	100   	-12.35	-3 	-13
229	100   	-12.55	-8 	-13
230	100   	-12.55	-8 	-13
231	100   	-12.5 	-3 	-13
232	100   	-12.75	-8 	-13
233	100   	-12.35	-3 	-13
234	100   	-12.7 	-8 	-13
235	100   	-12.55	-3 	-13
236	100   	-12.5 	-3 	-13
237	100   	-12.75	-8 	-13
238	100   	-12.4 	-3 	-13
239	100   	-12.65	-8 	-13
240	100   	-12.6 	-8 	-13
241	100   	-12.35	-3 	-13
242	100   	-12.4 	-8 	-13
243	100   	-12.35	-3 	-13
244	100   	-12.5 	-8 	-13
245	100   	-12.85	-8 	-13
246	100   	-12.55	-8 	-13
247	100   	-12.6 	-8 	-13
248	100   	-12.45	-3 	-13
249	100   	-12.55	-3 	-13
250	100   	-12.4 	-3 	-13
251	100   	-12.45	-3 	-13
252	100   	-12.6 	-8 	-13
253	100   	-12.6 	-3 	-13
254	100   	-12.75	-8 	-13
255	100   	-12.55	-8 	-13
256	100   	-12.45	-8 	-13
257	100   	-12.8 	-8 	-13
258	100   	-12.65	-8 	-13
259	100   	-12.7 	-8 	-13
260	100   	-12.6 	-8 	-13
261	100   	-12.15	-3 	-13
262	100   	-12.8 	-8 	-13
263	100   	-12.5 	-3 	-13
264	100   	-12.6 	-3 	-13
265	100   	-12.25	-3 	-13
266	100   	-12.7 	-8 	-13
267	100   	-12.55	-8 	-13
268	100   	-12.55	-8 	-13
269	100   	-12.55	-3 	-13
270	100   	-12.4 	-3 	-13
271	100   	-12.75	-8 	-13
272	100   	-12.65	-8 	-13
273	100   	-12.65	-8 	-13
274	100   	-12.6 	-3 	-13
275	100   	-12.55	-3 	-13
276	100   	-12.35	-8 	-13
277	100   	-12.4 	-3 	-13
278	100   	-12.7 	-3 	-13
279	100   	-12.4 	-3 	-13
280	100   	-12.55	-3 	-13
281	100   	-12.4 	-3 	-13
282	100   	-12.7 	-8 	-13
283	100   	-12.65	-8 	-13
284	100   	-12.5 	-3 	-13
285	100   	-12.6 	-3 	-13
286	100   	-12.05	-3 	-13
287	100   	-12.35	-3 	-13
288	100   	-12.45	-3 	-13
289	100   	-12.8 	-8 	-13
290	100   	-12.6 	-8 	-13
291	100   	-12.4 	-3 	-13
292	100   	-12.7 	-8 	-13
293	100   	-12.55	-3 	-13
294	100   	-12.75	-8 	-13
295	100   	-12.5 	-3 	-13
296	100   	-12.35	-8 	-13
297	100   	-12.6 	-3 	-13
298	100   	-12.55	-3 	-13
299	100   	-12.55	-3 	-13
300	100   	-12.35	-8 	-13
301	100   	-12.75	-8 	-13
302	100   	-12.65	-8 	-13
303	100   	-12.55	-3 	-13
304	100   	-12.7 	-8 	-13
305	100   	-12.6 	-8 	-13
306	100   	-12.4 	-3 	-13
307	100   	-12.6 	-8 	-13
308	100   	-12.55	-3 	-13
309	100   	-12.5 	-3 	-13
310	100   	-12.45	-8 	-13
311	100   	-12.25	-3 	-13
312	100   	-12.65	-8 	-13
313	100   	-12.6 	-3 	-13
314	100   	-12.55	-8 	-13
315	100   	-12.45	-8 	-13
316	100   	-12.45	-3 	-13
317	100   	-12.5 	-8 	-13
318	100   	-12.75	-8 	-13
319	100   	-12.65	-8 	-13
320	100   	-12.6 	-8 	-13
321	100   	-12.55	-3 	-13
322	100   	-12.35	-8 	-13
323	100   	-12.5 	-8 	-13
324	100   	-12.6 	-8 	-13
325	100   	-12.3 	-3 	-13
326	100   	-12.65	-3 	-13
327	100   	-12.6 	-3 	-13
328	100   	-12.55	-8 	-13
329	100   	-12.45	-8 	-13
330	100   	-12.5 	-3 	-13
331	100   	-12.6 	-3 	-13
332	100   	-12.5 	-3 	-13
333	100   	-12.8 	-8 	-13
334	100   	-12.6 	-8 	-13
335	100   	-12.25	-3 	-13
336	100   	-12.6 	-8 	-13
337	100   	-12.1 	-3 	-13
338	100   	-12.45	-3 	-13
339	100   	-12.4 	-3 	-13
340	100   	-12.6 	-3 	-13
341	100   	-12.45	-8 	-13
342	100   	-12.08	39 	-13
343	100   	-12.1 	-3 	-13
344	100   	-12.55	-8 	-13
345	100   	-12.7 	-8 	-13
346	100   	-12.6 	-8 	-13
347	100   	-12.85	-3 	-13
348	100   	-12.7 	-8 	-13
349	100   	-12.65	-8 	-13
350	100   	-12.3 	-3 	-13
351	100   	-12.75	-8 	-13
352	100   	-12.35	-8 	-13
353	100   	-12.6 	-3 	-13
354	100   	-12.15	-3 	-13
355	100   	-12.35	-3 	-13
356	100   	-12.75	-8 	-13
357	100   	-12.5 	-8 	-13
358	100   	-12.65	-8 	-13
359	100   	-12.25	-3 	-13
360	100   	-12.65	-8 	-13
361	100   	-12.3 	-3 	-13
362	100   	-12.55	-8 	-13
363	100   	-12.5 	-3 	-13
364	100   	-12.6 	-8 	-13
365	100   	-12.5 	-8 	-13
366	100   	-12.7 	-8 	-13
367	100   	-12.7 	-3 	-13
368	100   	-12.45	-3 	-13
369	100   	-12.3 	-8 	-13
370	100   	-12.6 	-8 	-13
371	100   	-12.2 	-3 	-13
372	100   	-12.75	-8 	-13
373	100   	-12.65	-8 	-13
374	100   	-12.5 	-8 	-13
375	100   	-12.5 	-3 	-13
376	100   	-12.65	-3 	-13
377	100   	-12.45	-8 	-13
378	100   	-12.45	-3 	-13
379	100   	-12.5 	-8 	-13
380	100   	-12.6 	-8 	-13
381	100   	-12.7 	-3 	-13
382	100   	-12.6 	-8 	-13
383	100   	-12.15	-3 	-13
384	100   	-12.55	-3 	-13
385	100   	-12.45	-3 	-13
386	100   	-12.45	-3 	-13
387	100   	-12.55	-3 	-13
388	100   	-12.3 	-3 	-13
389	100   	-12.45	-3 	-13
390	100   	-12.45	-3 	-13
391	100   	-12.5 	-8 	-13
392	100   	-12.55	-3 	-13
393	100   	-12.35	-8 	-13
394	100   	-12.65	-8 	-13
395	100   	-12.6 	-8 	-13
396	100   	-12.6 	-8 	-13
397	100   	-12.5 	-3 	-13
398	100   	-12.55	-3 	-13
399	100   	-12.3 	-8 	-13
400	100   	-12.5 	-8 	-13
401	100   	-12.45	-3 	-13
402	100   	-12.55	-8 	-13
403	100   	-12.6 	-3 	-13
404	100   	-12.5 	-8 	-13
405	100   	-12.45	-8 	-13
406	100   	-12.55	-3 	-13
407	100   	-12.3 	-3 	-13
408	100   	-12.5 	-8 	-13
409	100   	-12.7 	-3 	-13
410	100   	-12.65	-8 	-13
411	100   	-12.5 	-3 	-13
412	100   	-12.7 	-8 	-13
413	100   	-12.4 	-8 	-13
414	100   	-12.45	-8 	-13
415	100   	-12.55	-8 	-13
416	100   	-12.55	-3 	-13
417	100   	-12.5 	-8 	-13
418	100   	-12.65	-8 	-13
419	100   	-12.5 	-3 	-13
420	100   	-12.45	-3 	-13
421	100   	-12.8 	-8 	-13
422	100   	-12.4 	-8 	-13
423	100   	-12.75	-3 	-13
424	100   	-12.45	-3 	-13
425	100   	-12.5 	-8 	-13
426	100   	-12.75	-8 	-13
427	100   	-12.45	-3 	-13
428	100   	-12.6 	-3 	-13
429	100   	-12.65	-8 	-13
430	100   	-12.35	-3 	-13
431	100   	-12.6 	-8 	-13
432	100   	-12.45	-3 	-13
433	100   	-12.5 	-8 	-13
434	100   	-12.5 	-3 	-13
435	100   	-12.7 	-8 	-13
436	100   	-12.6 	-8 	-13
437	100   	-12.5 	-3 	-13
438	100   	-12.35	-3 	-13
439	100   	-12.3 	-3 	-13
440	100   	-12.6 	-8 	-13
441	100   	-12.5 	-3 	-13
442	100   	-12.35	-3 	-13
443	100   	-12.75	-8 	-13
444	100   	-12.8 	-8 	-13
445	100   	-12.55	-8 	-13
446	100   	-12.7 	-8 	-13
447	100   	-12.8 	-8 	-13
448	100   	-12.6 	-3 	-13
449	100   	-12.6 	-3 	-13
450	100   	-12.55	-8 	-13
451	100   	-12.5 	-3 	-13
452	100   	-11.88	34 	-13
453	100   	-12.55	-8 	-13
454	100   	-12.85	-8 	-13
455	100   	-12.1 	-3 	-13
456	100   	-12.4 	-8 	-13
457	100   	-12.7 	-8 	-13
458	100   	-12.45	-8 	-13
459	100   	-12.45	-3 	-13
460	100   	-12.25	-3 	-13
461	100   	-12.45	-8 	-13
462	100   	-12.65	-8 	-13
463	100   	-12.65	-8 	-13
464	100   	-12.45	-3 	-13
465	100   	-12.5 	-8 	-13
466	100   	-12.65	-8 	-13
467	100   	-12.4 	-3 	-13
468	100   	-12.55	-8 	-13
469	100   	-12.7 	-8 	-13
470	100   	-12.65	-3 	-13
471	100   	-12.75	-3 	-13
472	100   	-12.5 	-8 	-13
473	100   	-12.5 	-3 	-13
474	100   	-12.45	-3 	-13
475	100   	-12.08	34 	-13
476	100   	-12.65	-8 	-13
477	100   	-12.45	-8 	-13
478	100   	-12.5 	-8 	-13
479	100   	-12.55	-8 	-13
480	100   	-12.3 	-3 	-13
481	100   	-12.75	-3 	-13
482	100   	-12.4 	-8 	-13
483	100   	-12.5 	-8 	-13
484	100   	-12.5 	-3 	-13
485	100   	-12.65	-8 	-13
486	100   	-12.4 	-8 	-13
487	100   	-12.5 	-8 	-13
488	100   	-12.55	-3 	-13
489	100   	-12.65	-8 	-13
490	100   	-12.45	-3 	-13
491	100   	-12.4 	-3 	-13
492	100   	-12.7 	-8 	-13
493	100   	-12.55	-8 	-13
494	100   	-12.45	-3 	-13
495	100   	-12.6 	-8 	-13
496	100   	-12.35	-8 	-13
497	100   	-12.5 	-8 	-13
498	100   	-11.83	39 	-13
499	100   	-12.35	-8 	-13
500	100   	-12.65	-3 	-13
501	100   	-12.55	-3 	-13
502	100   	-12.7 	-3 	-13
503	100   	-12.5 	-8 	-13
504	100   	-12.45	-3 	-13
505	100   	-12.25	-3 	-13
506	100   	-12.75	-8 	-13
507	100   	-12.6 	-3 	-13
508	100   	-12.13	39 	-13
509	100   	-12.55	-8 	-13
510	100   	-12.7 	-8 	-13
511	100   	-12.6 	-8 	-13
512	100   	-12.75	-8 	-13
513	100   	-12.75	-8 	-13
514	100   	-12.65	-8 	-13
515	100   	-12.5 	-3 	-13
516	100   	-12.6 	-8 	-13
517	100   	-12.5 	-3 	-13
518	100   	-12.6 	-8 	-13
519	100   	-12.45	-8 	-13
520	100   	-12.6 	-8 	-13
521	100   	-12.55	-8 	-13
522	100   	-12.35	-8 	-13
523	100   	-12.5 	-3 	-13
524	100   	-12.7 	-8 	-13
525	100   	-12.8 	-3 	-13
526	100   	-12.6 	-8 	-13
527	100   	-12.35	-8 	-13
528	100   	-12.45	-8 	-13
529	100   	-12.65	-8 	-13
530	100   	-12.65	-8 	-13
531	100   	-12.5 	-3 	-13
532	100   	-12.55	-8 	-13
533	100   	-12.5 	-8 	-13
534	100   	-12.8 	-8 	-13
535	100   	-12.5 	-3 	-13
536	100   	-12.55	-8 	-13
537	100   	-12.55	-3 	-13
538	100   	-12.45	-3 	-13
539	100   	-12.35	-3 	-13
540	100   	-12.5 	-3 	-13
541	100   	-12.6 	-8 	-13
542	100   	-12.55	-3 	-13
543	100   	-12.75	-8 	-13
544	100   	-12.4 	-8 	-13
545	100   	-12.75	-8 	-13
546	100   	-12.45	-3 	-13
547	100   	-12.7 	-8 	-13
548	100   	-12.5 	-3 	-13
549	100   	-12.55	-8 	-13
550	100   	-12.45	-3 	-13
551	100   	-12.5 	-8 	-13
552	100   	-12.4 	-8 	-13
553	100   	-12.4 	-8 	-13
554	100   	-12.65	-8 	-13
555	100   	-12.7 	-8 	-13
556	100   	-12.75	-8 	-13
557	100   	-12.3 	-3 	-13
558	100   	-12.55	-8 	-13
559	100   	-12.3 	-3 	-13
560	100   	-12.45	-3 	-13
561	100   	-12.6 	-3 	-13
562	100   	-12.55	-3 	-13
563	100   	-12.4 	-3 	-13
564	100   	-12.5 	-8 	-13
565	100   	-12.65	-8 	-13
566	100   	-12.4 	-3 	-13
567	100   	-12.45	-8 	-13
568	100   	-12.5 	-3 	-13
569	100   	-12.55	-8 	-13
570	100   	-12.75	-8 	-13
571	100   	-12.45	-3 	-13
572	100   	-12.45	-3 	-13
573	100   	-12.6 	-8 	-13
574	100   	-12.3 	-3 	-13
575	100   	-12.5 	-3 	-13
576	100   	-12.7 	-8 	-13
577	100   	-12.45	-3 	-13
578	100   	-12.5 	-8 	-13
579	100   	-12.65	-8 	-13
580	100   	-12.35	-3 	-13
581	100   	-12.75	-8 	-13
582	100   	-12.4 	-3 	-13
583	100   	-12.65	-3 	-13
584	100   	-12.65	-8 	-13
585	100   	-12.65	-8 	-13
586	100   	-12.3 	-3 	-13
587	100   	-12.6 	-3 	-13
588	100   	-12.7 	-8 	-13
589	100   	-12.03	39 	-13
590	100   	-12.18	34 	-13
591	100   	-12.55	-8 	-13
592	100   	-12.45	-8 	-13
593	100   	-12.55	-3 	-13
594	100   	-12.3 	-3 	-13
595	100   	-12.55	-8 	-13
596	100   	-12.3 	-8 	-13
597	100   	-12.5 	-8 	-13
598	100   	-12.6 	-8 	-13
599	100   	-12.55	-3 	-13
600	100   	-12.8 	-8 	-13
601	100   	-12.55	-3 	-13
602	100   	-12.45	-8 	-13
603	100   	-12.65	-8 	-13
604	100   	-12.4 	-8 	-13
605	100   	-12.45	-3 	-13
606	100   	-12.35	-3 	-13
607	100   	-12.25	-3 	-13
608	100   	-12.4 	-3 	-13
609	100   	-12.3 	-8 	-13
610	100   	-12.7 	-8 	-13
611	100   	-12.5 	-3 	-13
612	100   	-12.4 	-3 	-13
613	100   	-12.6 	-3 	-13
614	100   	-12.45	-3 	-13
615	100   	-12.4 	-3 	-13
616	100   	-11.88	39 	-13
617	100   	-12.45	-8 	-13
618	100   	-11.83	39 	-13
619	100   	-12.55	-8 	-13
620	100   	-12.85	-8 	-13
621	100   	-12.7 	-8 	-13
622	100   	-12.35	-3 	-13
623	100   	-12.25	-3 	-13
624	100   	-12.45	-3 	-13
625	100   	-12.5 	-8 	-13
626	100   	-12.2 	-3 	-13
627	100   	-11.88	34 	-13
628	100   	-12.65	-8 	-13
629	100   	-12.15	-3 	-13
630	100   	-12.65	-8 	-13
631	100   	-12.2 	-3 	-13
632	100   	-12.03	34 	-13
633	100   	-12.4 	-8 	-13
634	100   	-12.45	-8 	-13
635	100   	-12.5 	-3 	-13
636	100   	-12.6 	-3 	-13
637	100   	-12.65	-8 	-13
638	100   	-12.55	-8 	-13
639	100   	-12.4 	-8 	-13
640	100   	-12.5 	-3 	-13
641	100   	-12.65	-8 	-13
642	100   	-12.65	-8 	-13
643	100   	-12.75	-8 	-13
644	100   	-12.5 	-8 	-13
645	100   	-12.4 	-3 	-13
646	100   	-12.65	-3 	-13
647	100   	-12.7 	-8 	-13
648	100   	-12.4 	-8 	-13
649	100   	-12.65	-8 	-13
650	100   	-12.7 	-8 	-13
651	100   	-12.5 	-3 	-13
652	100   	-12.3 	-8 	-13
653	100   	-12.45	-3 	-13
654	100   	-12.7 	-3 	-13
655	100   	-12.75	-8 	-13
656	100   	-12.65	-8 	-13
657	100   	-12.8 	-8 	-13
658	100   	-12.55	-3 	-13
659	100   	-12.55	-8 	-13
660	100   	-12.65	-8 	-13
661	100   	-12.5 	-3 	-13
662	100   	-12.1 	-3 	-13
663	100   	-12.5 	-8 	-13
664	100   	-12.4 	-8 	-13
665	100   	-12.6 	-3 	-13
666	100   	-12.65	-3 	-13
667	100   	-12.4 	-3 	-13
668	100   	-12.55	-8 	-13
669	100   	-12.45	-3 	-13
670	100   	-12.55	-8 	-13
671	100   	-12.3 	-3 	-13
672	100   	-12.45	-8 	-13
673	100   	-12.6 	-3 	-13
674	100   	-12.6 	-3 	-13
675	100   	-12.65	-8 	-13
676	100   	-12.5 	-3 	-13
677	100   	-12.65	-3 	-13
678	100   	-12.5 	-3 	-13
679	100   	-11.83	39 	-13
680	100   	-12.65	-3 	-13
681	100   	-12.6 	-3 	-13
682	100   	-12.35	-3 	-13
683	100   	-12.8 	-8 	-13
684	100   	-12.55	-8 	-13
685	100   	-12.75	-8 	-13
686	100   	-12.13	39 	-13
687	100   	-12.6 	-3 	-13
688	100   	-12.55	-8 	-13
689	100   	-12.5 	-8 	-13
690	100   	-12   	-3 	-13
691	100   	-12.35	-3 	-13
692	100   	-12.25	-8 	-13
693	100   	-12.35	-3 	-13
694	100   	-12.13	39 	-13
695	100   	-12.5 	-3 	-13
696	100   	-12.55	-3 	-13
697	100   	-12.35	-8 	-13
698	100   	-12.65	-3 	-13
699	100   	-12.6 	-8 	-13
700	100   	-12.4 	-3 	-13
701	100   	-12.5 	-3 	-13
702	100   	-12.45	-3 	-13
703	100   	-12.7 	-8 	-13
704	100   	-12.6 	-3 	-13
705	100   	-12.2 	-3 	-13
706	100   	-12.5 	-8 	-13
707	100   	-12.65	-3 	-13
708	100   	-12.4 	-3 	-13
709	100   	-12.35	-3 	-13
710	100   	-12.4 	-8 	-13
711	100   	-12.65	-3 	-13
712	100   	-12.5 	-3 	-13
713	100   	-12.6 	-8 	-13
714	100   	-12.6 	-8 	-13
715	100   	-12.55	-8 	-13
716	100   	-12.55	-3 	-13
717	100   	-12.13	39 	-13
718	100   	-12.3 	-3 	-13
719	100   	-12.65	-3 	-13
720	100   	-12.3 	-3 	-13
721	100   	-12.85	-3 	-13
722	100   	-12.5 	-3 	-13
723	100   	-12.4 	-3 	-13
724	100   	-12.45	-3 	-13
725	100   	-12.55	-3 	-13
726	100   	-12.7 	-8 	-13
727	100   	-12.2 	-3 	-13
728	100   	-12.2 	-3 	-13
729	100   	-12.7 	-8 	-13
730	100   	-12.15	-8 	-13
731	100   	-12.5 	-8 	-13
732	100   	-12.6 	-8 	-13
733	100   	-12.4 	-3 	-13
734	100   	-12.5 	-3 	-13
735	100   	-12.55	-3 	-13
736	100   	-12.45	-8 	-13
737	100   	-12.75	-8 	-13
738	100   	-12.55	-8 	-13
739	100   	-12.55	-8 	-13
740	100   	-12.35	-3 	-13
741	100   	-12.7 	-8 	-13
742	100   	-12.5 	-8 	-13
743	100   	-12.65	-8 	-13
744	100   	-12.5 	-3 	-13
745	100   	-12.65	-8 	-13
746	100   	-12.8 	-8 	-13
747	100   	-12.65	-3 	-13
748	100   	-12.45	-3 	-13
749	100   	-12.7 	-8 	-13
750	100   	-12.5 	-3 	-13
751	100   	-12.65	-8 	-13
752	100   	-12.6 	-8 	-13
753	100   	-12.75	-8 	-13
754	100   	-12.7 	-3 	-13
755	100   	-12.6 	-8 	-13
756	100   	-12.08	34 	-13
757	100   	-12.7 	-8 	-13
758	100   	-12.2 	-3 	-13
759	100   	-12.7 	-8 	-13
760	100   	-12.45	-8 	-13
761	100   	-12.6 	-3 	-13
762	100   	-12.5 	-3 	-13
763	100   	-12.5 	-8 	-13
764	100   	-12.55	-8 	-13
765	100   	-12.65	-8 	-13
766	100   	-12.75	-3 	-13
767	100   	-12.55	-3 	-13
768	100   	-12.45	-8 	-13
769	100   	-12.7 	-3 	-13
770	100   	-12.25	-3 	-13
771	100   	-12.3 	-8 	-13
772	100   	-12.65	-8 	-13
773	100   	-12.45	-3 	-13
774	100   	-12.6 	-8 	-13
775	100   	-12.7 	-8 	-13
776	100   	-12.45	-3 	-13
777	100   	-12.5 	-8 	-13
778	100   	-12.6 	-8 	-13
779	100   	-12.75	-8 	-13
780	100   	-12.35	-3 	-13
781	100   	-12.45	-3 	-13
782	100   	-12.5 	-8 	-13
783	100   	-12.5 	-3 	-13
784	100   	-12.65	-3 	-13
785	100   	-12.45	-3 	-13
786	100   	-12.5 	-8 	-13
787	100   	-12.5 	-3 	-13
788	100   	-12.7 	-8 	-13
789	100   	-12.45	-8 	-13
790	100   	-12.3 	-3 	-13
791	100   	-12.6 	-3 	-13
792	100   	-12.35	-3 	-13
793	100   	-12.3 	-3 	-13
794	100   	-12.65	-8 	-13
795	100   	-12.95	-8 	-13
796	100   	-12.4 	-3 	-13
797	100   	-12.7 	-8 	-13
798	100   	-12.5 	-8 	-13
799	100   	-12.35	-3 	-13
800	100   	-11.98	39 	-13
801	100   	-12.7 	-8 	-13
802	100   	-12.45	-3 	-13
803	100   	-12.65	-8 	-13
804	100   	-12.65	-8 	-13
805	100   	-12.5 	-3 	-13
806	100   	-12.7 	-3 	-13
807	100   	-12.7 	-8 	-13
808	100   	-12.6 	-8 	-13
809	100   	-12.5 	-8 	-13
810	100   	-12.55	-8 	-13
811	100   	-12.4 	-8 	-13
812	100   	-12.75	-3 	-13
813	100   	-12.65	-8 	-13
814	100   	-12.65	-3 	-13
815	100   	-12.15	-3 	-13
816	100   	-12.65	-8 	-13
817	100   	-12.7 	-8 	-13
818	100   	-12.85	-8 	-13
819	100   	-12.55	-3 	-13
820	100   	-12.35	-8 	-13
821	100   	-12.55	-3 	-13
822	100   	-12.65	-8 	-13
823	100   	-12.55	-8 	-13
824	100   	-12.75	-8 	-13
825	100   	-12.25	-3 	-13
826	100   	-12.55	-8 	-13
827	100   	-12.65	-8 	-13
828	100   	-12.55	-3 	-13
829	100   	-12.8 	-8 	-13
830	100   	-12.7 	-8 	-13
831	100   	-12.55	-8 	-13
832	100   	-12.5 	-3 	-13
833	100   	-12.6 	-8 	-13
834	100   	-12.75	-8 	-13
835	100   	-12.35	-8 	-13
836	100   	-12.08	34 	-13
837	100   	-12.55	-3 	-13
838	100   	-12.4 	-3 	-13
839	100   	-12.5 	-8 	-13
840	100   	-12.25	-3 	-13
841	100   	-12.6 	-8 	-13
842	100   	-11.93	39 	-13
843	100   	-12.55	-3 	-13
844	100   	-12.45	-8 	-13
845	100   	-12.55	-8 	-13
846	100   	-12.4 	-3 	-13
847	100   	-12.7 	-3 	-13
848	100   	-12.6 	-8 	-13
849	100   	-12.65	-3 	-13
850	100   	-12.75	-8 	-13
851	100   	-12.45	-3 	-13
852	100   	-12.55	-8 	-13
853	100   	-12.35	-3 	-13
854	100   	-12.65	-8 	-13
855	100   	-12.75	-8 	-13
856	100   	-12.45	-3 	-13
857	100   	-12.65	-8 	-13
858	100   	-12.4 	-3 	-13
859	100   	-12.55	-8 	-13
860	100   	-12.6 	-3 	-13
861	100   	-12.3 	-3 	-13
862	100   	-12.75	-8 	-13
863	100   	-12.7 	-3 	-13
864	100   	-12.35	-3 	-13
865	100   	-12.45	-3 	-13
866	100   	-12.4 	-8 	-13
867	100   	-12.45	-8 	-13
868	100   	-12.25	-3 	-13
869	100   	-12.3 	-3 	-13
870	100   	-12.8 	-8 	-13
871	100   	-12.45	-3 	-13
872	100   	-12.4 	-8 	-13
873	100   	-12.45	-3 	-13
874	100   	-12.4 	-8 	-13
875	100   	-12.35	-3 	-13
876	100   	-12.35	-8 	-13
877	100   	-12.55	-3 	-13
878	100   	-12.6 	-8 	-13
879	100   	-12.5 	-3 	-13
880	100   	-12.5 	-8 	-13
881	100   	-12.6 	-3 	-13
882	100   	-12.25	-3 	-13
883	100   	-12.55	-3 	-13
884	100   	-12.75	-3 	-13
885	100   	-12.55	-8 	-13
886	100   	-12.7 	-8 	-13
887	100   	-12.5 	-3 	-13
888	100   	-12.5 	-8 	-13
889	100   	-12.7 	-8 	-13
890	100   	-12.55	-3 	-13
891	100   	-12.6 	-8 	-13
892	100   	-12.5 	-8 	-13
893	100   	-12.5 	-8 	-13
894	100   	-12.65	-8 	-13
895	100   	-12.65	-8 	-13
896	100   	-12.25	-3 	-13
897	100   	-12.03	39 	-13
898	100   	-12.75	-8 	-13
899	100   	-12.6 	-8 	-13
900	100   	-12.7 	-8 	-13
901	100   	-12   	-3 	-13
902	100   	-12.5 	-3 	-13
903	100   	-12.55	-3 	-13
904	100   	-12.15	-3 	-13
905	100   	-12.65	-8 	-13
906	100   	-12.7 	-8 	-13
907	100   	-12.4 	-3 	-13
908	100   	-12.75	-8 	-13
909	100   	-12.03	39 	-13
910	100   	-12.55	-8 	-13
911	100   	-12.6 	-8 	-13
912	100   	-12.5 	-8 	-13
913	100   	-12.75	-8 	-13
914	100   	-12.5 	-8 	-13
915	100   	-12.35	-8 	-13
916	100   	-12.6 	-8 	-13
917	100   	-12.75	-3 	-13
918	100   	-12.65	-8 	-13
919	100   	-11.95	-3 	-13
920	100   	-12.55	-3 	-13
921	100   	-12.45	-8 	-13
922	100   	-12.45	-3 	-13
923	100   	-12.3 	-3 	-13
924	100   	-12.6 	-8 	-13
925	100   	-12.4 	-3 	-13
926	100   	-12.5 	-8 	-13
927	100   	-12.25	-3 	-13
928	100   	-12.7 	-8 	-13
929	100   	-12.55	-8 	-13
930	100   	-12.45	-8 	-13
931	100   	-12.55	-8 	-13
932	100   	-12.65	-8 	-13
933	100   	-12.7 	-8 	-13
934	100   	-12.65	-3 	-13
935	100   	-12.3 	-3 	-13
936	100   	-12.65	-8 	-13
937	100   	-12.55	-8 	-13
938	100   	-12.03	39 	-13
939	100   	-12.8 	-8 	-13
940	100   	-12.75	-8 	-13
941	100   	-12.45	-3 	-13
942	100   	-12.55	-8 	-13
943	100   	-12.65	-8 	-13
944	100   	-12.6 	-8 	-13
945	100   	-12.55	-8 	-13
946	100   	-12.55	-8 	-13
947	100   	-12.5 	-8 	-13
948	100   	-12.5 	-8 	-13
949	100   	-12.55	-3 	-13
950	100   	-12.55	-3 	-13
951	100   	-12.8 	-8 	-13
952	100   	-12.75	-8 	-13
953	100   	-12.6 	-8 	-13
954	100   	-12.7 	-8 	-13
955	100   	-12.45	-8 	-13
956	100   	-12.65	-8 	-13
957	100   	-12.7 	-3 	-13
958	100   	-12.45	-3 	-13
959	100   	-12.35	-3 	-13
960	100   	-12.6 	-8 	-13
961	100   	-12.75	-8 	-13
962	100   	-12.4 	-8 	-13
963	100   	-12.45	-3 	-13
964	100   	-12.5 	-3 	-13
965	100   	-12.18	34 	-13
966	100   	-12.65	-8 	-13
967	100   	-12.55	-8 	-13
968	100   	-12.55	-3 	-13
969	100   	-12.4 	-3 	-13
970	100   	-12.25	-8 	-13
971	100   	-12.35	-8 	-13
972	100   	-12.55	-8 	-13
973	100   	-12.6 	-3 	-13
974	100   	-12.6 	-8 	-13
975	100   	-12.55	-3 	-13
976	100   	-12.45	-3 	-13
977	100   	-12.4 	-3 	-13
978	100   	-12.3 	-3 	-13
979	100   	-12.5 	-3 	-13
980	100   	-12.2 	-3 	-13
981	100   	-12.35	-3 	-13
982	100   	-12.2 	-3 	-13
983	100   	-12.7 	-8 	-13
984	100   	-12.5 	-8 	-13
985	100   	-12.6 	-3 	-13
986	100   	-12.45	-3 	-13
987	100   	-12.75	-8 	-13
988	100   	-12.7 	-3 	-13
989	100   	-12.6 	-8 	-13
990	100   	-12.35	-8 	-13
991	100   	-12.6 	-8 	-13
992	100   	-12.45	-3 	-13
993	100   	-12.15	-3 	-13
994	100   	-12.75	-3 	-13
995	100   	-12.4 	-3 	-13
996	100   	-12.6 	-3 	-13
997	100   	-12.15	-3 	-13
998	100   	-12.7 	-8 	-13
999	100   	-11.88	34 	-13
1000	100   	-12.55	-3 	-13
